500
1529	545
556	1613
1376	1038
881	561
2	949
1295	832
631	1919
1475	813
173	1567
1840	381
897	677
859	1102
88	437
353	425
573	535
611	1602
73	1577
1886	1985
438	342
1395	461
190	200
1862	911
1162	842
494	799
1535	1019
113	925
1285	1725
1967	1264
569	807
1581	746
511	1341
989	1288
42	402
507	905
1745	45
1009	387
1797	299
1438	768
1254	1433
889	24
164	1574
1269	1282
694	474
1108	1232
322	144
1894	1425
56	192
1543	389
36	1847
1975	335
1024	1609
1286	1785
203	1210
1640	1174
1197	1348
786	1531
605	1603
514	407
1198	1032
1523	1397
1556	1236
1371	1213
277	1941
1384	120
67	248
236	1903
1147	346
413	1995
1426	1080
1575	1647
1313	946
1193	722
446	836
1403	457
1653	1617
313	1245
1421	339
1545	1982
1044	1190
338	5
1191	323
581	1998
1178	974
500	555
1028	967
563	1281
187	408
1010	764
1346	365
1062	748
416	409
1126	589
1258	1154
777	751
725	1261
1671	444
1605	1300
1670	1355
377	1006
1375	1525
1097	1251
1415	1207
956	1629
1566	1811
1064	772
1169	343
1783	1705
1466	838
1859	122
1022	1214
740	214
358	1194
297	432
1093	362
57	715
1146	350
20	1511
1292	1632
219	1939
11	593
1063	1513
1218	1248
779	126
303	356
232	1940
1083	1085
534	1881
1073	257
1868	1192
1387	1966
1023	152
606	366
1462	1505
950	26
368	158
884	495
385	435
1974	1090
995	1031
1554	1635
621	1996
1779	1960
374	6
792	1400
1972	803
588	1356
1658	695
541	1976
86	1646
456	706
685	879
275	1736
1117	30
1388	1123
552	37
1103	1709
928	364
1810	1750
7	1067
580	1818
1208	1968
1782	370
49	25
1716	1468
809	1773
1030	1021
1598	393
1463	662
115	110
1263	1036
209	157
357	1041
95	1233
731	134
1538	1866
938	657
713	1223
531	770
1791	642
288	847
1867	1805
1758	292
1729	1741
973	1417
1997	620
526	932
189	1215
264	1016
1892	1152
1336	1386
1751	1784
598	1761
478	1684
1618	400
155	654
1412	1125
241	687
224	596
1219	1311
1722	595
253	378
1548	376
1428	451
1472	118
1742	1333
243	493
1654	63
392	124
53	1188
499	954
406	681
652	1540
146	1610
226	549
1979	305
864	1360
127	827
227	1957
1651	1703
524	1924
1853	712
244	1601
169	998
1436	485
1094	324
532	1655
1507	1896
1365	858
603	1327
1128	1660
383	1933
71	1678
100	862
1398	1820
1828	844
188	13
513	554
1789	1453
1042	1879
98	1570
1260	849
1514	1682
626	1419
906	206
307	616
987	958
1860	901
877	287
1401	1836
1619	707
1366	939
969	1166
283	130
1124	750
1025	1177
806	1334
850	1679
230	1489
1234	1303
872	1589
1673	697
428	455
665	363
272	739
1652	434
1863	449
667	221
1048	165
641	1732
1766	1984
1362	1877
808	1481
21	937
54	1845
821	319
670	29
599	22
351	802
1921	273
1047	160
728	894
1089	1142
1422	1643
831	1456
1446	121
344	1464
281	634
1184	1822
1611	1908
1541	1813
762	1156
848	1471
427	1606
502	604
972	1491
373	1046
116	1715
1140	1221
1721	1173
1494	1692
75	136
1668	1910
1638	720
1909	643
1628	1059
1257	490
1582	1564
194	215
184	773
952	197
835	1524
1852	1695
744	1627
845	1626
207	1681
58	476
1558	801
816	35
1061	153
301	103
692	1911
99	537
548	1211
822	1187
1340	698
1949	1720
691	1666
1649	1645
1242	1495
1544	1270
930	1369
1391	1970
1592	1319
1176	1772
749	1775
1683	1151
452	977
405	1135
8	1326
1662	1704
1776	410
653	1243
1217	1825
340	717
1308	276
419	89
1161	519
574	1272
1015	465
839	396
1943	333
1834	1225
1696	310
1227	312
940	1757
798	1011
1981	1418
1396	841
559	302
1827	1744
553	979
1352	892
1821	1927
284	1228
669	935
1378	183
329	1437
865	163
1082	636
1447	965
300	632
868	1677
1521	721
441	1216
732	767
567	139
756	1431
1817	1665
1510	1697
1622	64
530	1999
1458	162
1267	195
955	1800
1901	829
1486	610
1367	1298
504	909
1323	182
148	1615
824	726
899	94
585	890
210	1363
622	590
1572	523
418	1058
522	38
1838	904
256	308
1370	1780
518	557
1600	1580
675	679
1734	1553
320	412
269	1807
830	1763
1676	1864
759	141
316	76
247	1623
1873	512
1115	823
1033	1616
1876	91
289	1702
403	1708
1546	97
1590	369
921	1413
716	68
1078	1929
900	1754
1284	1795
1516	529
359	960
760	1122
309	151
60	107
592	918
996	3
1987	1148
1001	1808
1614	1989
776	703
917	468
1756	1851
745	1526
1955	421
1746	1004
233	1872
644	480
1883	1005
1008	601
304	828
1555	1344
199	902
619	104
1240	483
138	291
1229	105
957	1339
757	1826
1332	923
1871	176
1318	379
315	491
915	1420
193	1793
1563	1983
1244	1130
785	885
440	1050
1350	1842
228	266
1411	1819
1718	48
1	907
1737	117
1624	1253
1794	1331
1358	896
1565	147
1926	1003
1630	1262
1788	171
466	447
800	150
627	1498
1408	1189
1220	1902
354	390
966	423
1889	1483
1434	1777
696	993
1066	1037
1584	1935
43	211
982	1760
1844	1053
533	1971
1809	1165
1018	433
1020	980
487	1893
1798	1118
475	633
1110	1153
1529	545
556	1613
1376	1038
881	561
2	949
1295	832
631	1919
1475	813
173	1567
1840	381
897	677
859	1102
88	437
353	425
573	535
611	1602
73	1577
1886	1985
438	342
1395	461
190	200
1862	911
1162	842
494	799
1535	1019
113	925
1285	1725
1967	1264
569	807
1581	746
511	1341
989	1288
42	402
507	905
1745	45
1009	387
1797	299
1438	768
1254	1433
889	24
164	1574
1269	1282
694	474
1108	1232
322	144
1894	1425
56	192
1543	389
36	1847
1975	335
1024	1609
1286	1785
203	1210
1640	1174
1197	1348
786	1531
605	1603
514	407
1198	1032
1523	1397
1556	1236
1371	1213
277	1941
1384	120
67	248
236	1903
1147	346
413	1995
1426	1080
1575	1647
1313	946
1193	722
446	836
1403	457
1653	1617
313	1245
1421	339
1545	1982
1044	1190
338	5
1191	323
581	1998
1178	974
500	555
1028	967
563	1281
187	408
1010	764
1346	365
1062	748
416	409
1126	589
1258	1154
777	751
725	1261
1671	444
1605	1300
1670	1355
377	1006
1375	1525
1097	1251
1415	1207
956	1629
1566	1811
1064	772
1169	343
1783	1705
1466	838
1859	122
1022	1214
740	214
358	1194
297	432
1093	362
57	715
1146	350
20	1511
1292	1632
219	1939
11	593
1063	1513
1218	1248
779	126
303	356
232	1940
1083	1085
534	1881
1073	257
1868	1192
1387	1966
1023	152
606	366
1462	1505
950	26
368	158
884	495
385	435
1974	1090
995	1031
1554	1635
621	1996
1779	1960
374	6
792	1400
1972	803
588	1356
1658	695
541	1976
86	1646
456	706
685	879
275	1736
1117	30
1388	1123
552	37
1103	1709
928	364
1810	1750
7	1067
580	1818
1208	1968
1782	370
49	25
1716	1468
809	1773
1030	1021
1598	393
1463	662
115	110
1263	1036
209	157
357	1041
95	1233
731	134
1538	1866
938	657
713	1223
531	770
1791	642
288	847
1867	1805
1758	292
1729	1741
973	1417
1997	620
526	932
189	1215
264	1016
1892	1152
1336	1386
1751	1784
598	1761
478	1684
1618	400
155	654
1412	1125
241	687
224	596
1219	1311
1722	595
253	378
1548	376
1428	451
1472	118
1742	1333
243	493
1654	63
392	124
53	1188
499	954
406	681
652	1540
146	1610
226	549
1979	305
864	1360
127	827
227	1957
1651	1703
524	1924
1853	712
244	1601
169	998
1436	485
1094	324
532	1655
1507	1896
1365	858
603	1327
1128	1660
383	1933
71	1678
100	862
1398	1820
1828	844
188	13
513	554
1789	1453
1042	1879
98	1570
1260	849
1514	1682
626	1419
906	206
307	616
987	958
1860	901
877	287
1401	1836
1619	707
1366	939
969	1166
283	130
1124	750
1025	1177
806	1334
850	1679
230	1489
1234	1303
872	1589
1673	697
428	455
665	363
272	739
1652	434
1863	449
667	221
1048	165
641	1732
1766	1984
1362	1877
808	1481
21	937
54	1845
821	319
670	29
599	22
351	802
1921	273
1047	160
728	894
1089	1142
1422	1643
831	1456
1446	121
344	1464
281	634
1184	1822
1611	1908
1541	1813
762	1156
848	1471
427	1606
502	604
972	1491
373	1046
116	1715
1140	1221
1721	1173
1494	1692
75	136
1668	1910
1638	720
1909	643
1628	1059
1257	490
1582	1564
194	215
184	773
952	197
835	1524
1852	1695
744	1627
845	1626
207	1681
58	476
1558	801
816	35
1061	153
301	103
692	1911
99	537
548	1211
822	1187
1340	698
1949	1720
691	1666
1649	1645
1242	1495
1544	1270
930	1369
1391	1970
1592	1319
1176	1772
749	1775
1683	1151
452	977
405	1135
8	1326
1662	1704
1776	410
653	1243
1217	1825
340	717
1308	276
419	89
1161	519
574	1272
1015	465
839	396
1943	333
1834	1225
1696	310
1227	312
940	1757
798	1011
1981	1418
1396	841
559	302
1827	1744
553	979
1352	892
1821	1927
284	1228
669	935
1378	183
329	1437
865	163
1082	636
1447	965
300	632
868	1677
1521	721
441	1216
732	767
567	139
756	1431
1817	1665
1510	1697
1622	64
530	1999
1458	162
1267	195
955	1800
1901	829
1486	610
1367	1298
504	909
1323	182
148	1615
824	726
899	94
585	890
210	1363
622	590
1572	523
418	1058
522	38
1838	904
256	308
1370	1780
518	557
1600	1580
675	679
1734	1553
320	412
269	1807
830	1763
1676	1864
759	141
316	76
247	1623
1873	512
1115	823
1033	1616
1876	91
289	1702
403	1708
1546	97
1590	369
921	1413
716	68
1078	1929
900	1754
1284	1795
1516	529
359	960
760	1122
309	151
60	107
592	918
996	3
1987	1148
1001	1808
1614	1989
776	703
917	468
1756	1851
745	1526
1955	421
1746	1004
233	1872
644	480
1883	1005
1008	601
304	828
1555	1344
199	902
619	104
1240	483
138	291
1229	105
957	1339
757	1826
1332	923
1871	176
1318	379
315	491
915	1420
193	1793
1563	1983
1244	1130
785	885
440	1050
1350	1842
228	266
1411	1819
1718	48
1	907
1737	117
1624	1253
1794	1331
1358	896
1565	147
1926	1003
1630	1262
1788	171
466	447
800	150
627	1498
1408	1189
1220	1902
354	390
966	423
1889	1483
1434	1777
696	993
1066	1037
1584	1935
43	211
982	1760
1844	1053
533	1971
1809	1165
1018	433
1020	980
487	1893
1798	1118
475	633
1110	1153